$ANSIBLE_VAULT;1.1;AES256
36396535646535616636313439333866363836626166343639363733653132346234343563313665
3337646463336434363861366638616536383439346635650a613062366436363439613431373934
32363862336239663332633061643534663835393163383339356333313434343461626134323865
3162383136323332660a373531386164653134353438613931393138633934383065356161306166
64633336303933393033336662316137636361386337656435326566626466366634323531353466
62323939373461346262623766366133393163303338363634303730393062346637363037306333
30633030646265376539373262363535333136666264663262663935363661393937376634663963
32376165313839313034666264396231623161333136626639393264613764656339356139656539
39363362623437666630303335383837373433383638636337613536633964613334383133343461
39633866646138353065636331623334393739383934653638346636616263396434366638363265
34366136653931653430626438333763626337663331323832663066613832666463373731643130
36366136383861336662373164303465623837393861643031313163333338366135373232623932
64356234333636643738333932303032623531393166636263333361393566323861643832373464
39633139643535316438303037376437343266383765633732383436343063643563666565363065
62386633383266623364303531396231666166303766363033616534666438633337353232343132
32623939316539326438353466303838306561353062653437663032643431373836306236373730
38623236373335346466356562623734323661343366366361383539326331663836633636343063
32363235386466636536656134313836353034653336653033316234303834346261633536343633
32366637386638646532653030666462656339306439366630636638616262366531363338626261
61346438663761383738326131303536323162383061656262646463663363643239383231613733
65363533666263333861363836646539386630393562616463303738343330326133616263313839
63633132323663666262353431316564326234323965633431323162666366623338363764323038
39373030366533316538626665393233373862376361623565613862633362353465656163313561
66646235396137303838323230323630643564656162666336643838626332356366336563653337
30623438363861653438333539373963366637353664303963303533663264613931633034303436
61353866316130666663323937383265613565653233346239393761363763633230346464643439
36383461653165623061336137663532656634353237346130636334396632313737336562393166
66616262626261373262396264363262393538306361383134366531313633643330306433666364
35613864363064643239313564656562306161396135396138383439356539613739613061313234
34636533323864636161316338653238363863386136343534616336633861363762333932303331
32336237663034363736646131666362646531323363626561646464363636383865616635343965
30326633316338323331356631333332643035666438633431336230333633653238383965306330
33636363666139643332333034666461623935663266396430346337616332323130373161643032
34613738393762393831636236333939646633376665336162666666333239626138633366393163
35636663316638663633313131616635373736336639626366616363636531636332393063333137
64666637616234326138353934343836373462316439653730343431303861646237356463326630
64613432653036356561656436633666646135666333353538303535376339326662663661303465
65643236663832633334393966653130653036313763346133646261643135386461323263646231
34383131303562333437376464306337363965363831323139353437636362363066323663356165
61343739383964373365346135633639323836363833323337396230353930343938376233363161
33383339343164663139623839366635336661653533326531653464313937303639393134653932
39633265636439616331383339613539646366316134333732656338623934366334383830313833
66373534353232633337626638366237616335333634343462656465636566623234613933613938
62353265363939323265376262363835613161376638383637626661393165613965373933363764
63663330613930623037353034303834343037376430373636656234343661376337623466383838
35303962376436653635373039363162303934333133346439653739323032376161643062303665
64616132313233663739323639386635656265353662313665396664323337643839663231376439
35396131373066363939303430363739353332646330623063633437316362333965373333323934
63353133323433626564326265353962666335336165623535396538326336623965373437653830
33393536393435323130343161313261626238623238656163373839303935646664623035313838
36333339393936623639336430333033333030323362363564353765303931643061393236366331
65336430393561633563333431353636623038383361663666316564326639393338353735633365
39373031393736313036633631636163306139663932653131623139363261353265323666343364
62373739366638646334313736393132343937643231616233623832343434666264633661363565
37383630313565306534613661323762366466653761343236363033383963636237346564333661
32366536623766393565303430343531303930313661373837333630336439653562653465343066
61303164366635393766353666616466313964396534613230663831323966303462353464623630
31306237313563666435613631306537313939333734363131343436633261623963666561376664
38306637396634336335613164613761623661346564643962393666383061396336313466666661
36653030646161323465623732616135663330643439343736386437373964633935373837326666
61393966346235383163356361306136626539633163303630396130643163353962663039376635
65663133303065653462366139373839343634663537316636343065626635366236656130336539
38393131383030653437646136383434656537323030393432613561306630363435383730333961
34343732386438613566313535303330646364626230373063313330303233316561303266636430
62323065396534323032623932356333383164353031383964323665613632326466663661643932
63353332346165623735646339646635366262323865376262373130303335353531316536346266
37326432653637333336336262633230323566356162326634316439313536636435636564363764
32353132326363326566646339663535383166383634313866633766613565303164636335613534
34386165333364313136653438323032363063346366323461636133323763636236666631353737
35613532303232666661623736306337393262333835343064336466623264623234623665303737
65333961623962663762303166373661643161663761363730303334393665643865633133316436
38336564336139363836363561363265393137373561643938383233633364363364386462656464
32306230343639613337313839323631383261353436633138626537393163363837626337613533
38316161356533333937653863623636656235333033643133326264653330343166643735346266
34623438626237303162633731613732333866343632643864363163623133393135623034613630
38353162313939323933653063363936393562653238323764306362363435616432613730383062
30643264353939646334373737396331336635343764646433386236393532663736303235666565
61353635383236663562626630616336323236323236326264343832343366666263333362333866
61633735333963633139396265353563393565333832383335396264366634393964636338346134
66383363363964356231313031353839666437386137313132373133616330623361656564643237
66303662633539383637636638663931333461353166646162303734623038353161613937643234
64326662303433373935626531316561623266636337303462633936653336333365323839653665
64633964616337326437626138626162326463316463653435633935353331346261346138646464
64333963386163633362333032356462393963356135643631313330353933663232393134356436
64343933356639666234613663303733656330663135643735336339646666373965313966313130
39326438653166336232363433633263393630636436643665613463346432303562353333626565
33646536663836623832306330383331663133353336623136363231643861626332333632343366
36363632353064316135316463303636663535636336396561613761383364306434636366376335
35623562323639396638306261306166386466323837306136323130383239656137343332396533
63663532346535323361653864663261633661393538613862653662353335333966363930386664
38326330336339376663393461343836666237393630626466636534383036393738386130316538
63613565623439336562363062356639656639646233336131373431616666393939343330393136
66343734353063366430393165613366396462343562623263383766343936336632633764306331
66666131353937656637333537636165383763636634356561366235306664313764333535363233
30363630333130623931653534643338623438393336313561353732393635306530313163333936
32326662373337333662633663323637326231393538386563623632633033363831383564353163
39623962343963646164643630366437316161366439393531316462343735643464373030356231
31623630326263343663353661313737323862373331366662626533376438363537383430343933
64346562363865343663383236623937636137613364333233376462393231366430386531613864
63653734323236393231306366643233376632303865376138653337383061343561363731626366
64613864393134393464323833343933373666326662396133653265333031353565643635383964
62323031313363663463666135386137623566613865623036646166366334613061386566333764
62636538633935643033356339663965363831353665643932303530613535333336326436343965
62336262663837343238653463373931643235303239393230393834323538653362323633396366
64616233643832653563633534623335646535653632653736363330613836353038666338623937
32323737333630393836653565336535656162373239356463663635626265393737633635343562
32643762383364656562326433313334623433653436626133396265386339633130353634316163
63333736383761386238383235343931643064393038376562663366343531333838646230353431
37613566373038303530356634666466633763303938343733343934353765303239313533353236
39386631373865383264633532663430326166663436333035616538666265393339623530353366
62623030333937336334633566383335306663356637613832653436303961633566663464326264
34663437626433366338346461356265643838383763333130326239653138623737396662303034
33376463656137323863633665623338323838643533653434386563613831613933376133333963
33656434373638633365636638653531616263373333306638346262366235363165326566633133
39393138666535306263653365663334313231613839303462303763346636383064346161353234
37366230386463383138376463383435653137626563336263323765303861336131306465393437
63663064393838373735306231633738623262333765316139613437396438663566656530616364
37323561303065393436383033306335343332353835393464346535356261376230356438643761
64383830383733313565353835396437663134643932343961326330343934646539613530353139
34326239323638353966303139303836373966663937383166653935323536373735326535653365
39656231303964336631343630383435383635366233643234386564613837626436623237313265
38333961333639326336646639623864306464373839666466333033363961366136666538626163
30656230313631633561356163623235373333656636303530333434313635356633386337303931
34623335343463653965663436396239356233633431386664333138363762323435356632313732
31633838373739343863373033393133346261393764386662643939333863383861323531633061
30646334313234613963653162313136303763666232346165393232396263363639623232613632
34326633663062356232396665623464376638633465323339383161383232656332326466396164
37396435616331343936636436373165303137633364333563303338623562353739373432303932
34316338393364633233326138396538623862353938363133636437393462326164363130646338
66663461643531366131373266626636383139303331353130643463626464333135653038663836
64366165656432616237623432373936323233323863343430323335353135303738373966373338
34366638366562313630393638343262333530626332363038333365336632616665333932336261
31373439313331316465666463303865656462656566376533343564383461653834346238636262
3264323435346338393836336164316261316439383437663036
